      0.17748500   9.4961941e-05
      0.22819500   3.9134884e-05
      0.27890500   3.7806404e-05
      0.32961500   2.5732803e-05
      0.38032499   2.1022722e-05
      0.43103501   1.7195870e-05
      0.48174500   1.8721342e-05
      0.53245503   1.7150865e-05
      0.58316499   1.7409794e-05
      0.63387501   1.7328167e-05
      0.68458498   1.6596034e-05
      0.73529500   1.5777759e-05
      0.78600502   1.3946544e-05
      0.83671498   1.2002959e-05
      0.88742501   1.0549683e-05
      0.93813503   9.2420608e-06
      0.98884499   7.7750415e-06
       1.0395550   6.3766956e-06
       1.0902650   5.2624844e-06
       1.1409750   4.5394760e-06
       1.1916850   3.7611928e-06
       1.2423950   3.1459261e-06
       1.2931050   2.6827853e-06
       1.3438150   2.2668047e-06
       1.3945251   1.9497855e-06
       1.4452350   1.8869374e-06
       1.4959450   1.8461047e-06
       1.5466551   1.7618986e-06
       1.5973650   1.7224215e-06
       1.6480750   1.6739355e-06
       1.6987849   1.5989566e-06
       1.7494950   1.5218027e-06
       1.8002050   1.5041256e-06
       1.8509150   1.4449528e-06
       1.9016250   1.3928273e-06
       1.9523350   1.3819503e-06
       2.0030451   1.3790562e-06
       2.0537550   1.3583481e-06
       2.1044650   1.3204611e-06
       2.1551750   1.2815851e-06
       2.2058849   1.2077937e-06
       2.2565949   1.1492777e-06
       2.3073051   1.0991132e-06
       2.3580151   1.0272134e-06
       2.4087250   9.5226625e-07
       2.4594350   8.9400578e-07
       2.5101449   8.2594631e-07
       2.5608549   7.3878621e-07
       2.6115651   6.7769522e-07
       2.6622751   6.3009099e-07
       2.7129850   5.6106793e-07
       2.7636950   5.0554406e-07
       2.8144050   4.6169320e-07
       2.8651149   4.1530910e-07
       2.9158249   3.6785377e-07
       2.9665351   3.3745402e-07
       3.0172451   3.0162551e-07
       3.0679550   2.6816432e-07
       3.1186650   2.4291081e-07
       3.1693749   2.2151768e-07
       3.2200849   1.9685456e-07
       3.2707951   1.7154107e-07
       3.3215051   1.5480806e-07
       3.3722150   1.3967088e-07
       3.4229250   1.2633268e-07
       3.4736350   1.1566265e-07
       3.5243449   1.0685886e-07
       3.5750551   9.6998079e-08
       3.6257651   8.8894856e-08
       3.6764750   8.7624288e-08
       3.7271850   7.8627339e-08
       3.7778950   7.0584967e-08
       3.8286049   6.6097011e-08
       3.8793149   6.3948648e-08
       3.9300251   5.6056725e-08
       3.9807351   5.2978680e-08
       4.0314450   5.0336518e-08
       4.0821552   4.4774931e-08
       4.1328650   3.9992016e-08
       4.1835752   4.0740287e-08
       4.2342849   3.8832580e-08
       4.2849951   3.3798415e-08
       4.3357048   3.1803566e-08
       4.3864150   3.0862933e-08
       4.4371252   2.6617100e-08
       4.4878349   2.5489222e-08
       4.5385451   2.4753864e-08
       4.5892549   2.0979992e-08
       4.6399651   1.8804356e-08
       4.6906748   1.7692472e-08
       4.7413850   1.6520689e-08
       4.7920952   1.4450005e-08